beryllium <- list(
year = 1424:1985,
be =
c(
1.13,1.19,1.21,1.2,1.17,1.17,1.22,1.31,1.4,1.44,1.39,1.28,1.16,1.1,1.15,1.28,1.42,1.49,1.45,
1.35,1.26,1.24,1.31,1.41,1.46,1.42,1.31,1.2,1.16,1.21,1.3,1.35,1.34,1.29,1.27,1.32,1.45,1.6,
1.66,1.59,1.4,1.19,1.07,1.1,1.26,1.44,1.53,1.5,1.39,1.29,1.28,1.36,1.47,1.49,1.39,1.19,1.01,
0.92,0.98,1.12,1.24,1.28,1.23,1.16,1.13,1.17,1.24,1.29,1.28,1.19,1.04,0.89,0.76,0.69,0.66,
0.67,0.7,0.73,0.78,0.85,0.96,1.1,1.26,1.39,1.45,1.45,1.41,1.37,1.35,1.32,1.29,1.23,1.17,
1.17,1.22,1.3,1.37,1.39,1.37,1.34,1.34,1.39,1.44,1.46,1.44,1.42,1.43,1.48,1.53,1.51,1.41,
1.26,1.11,1.02,1,1.01,1.04,1.06,1.1,1.15,1.17,1.15,1.06,0.95,0.89,0.92,1,1.07,1.06,0.99,
0.91,0.89,0.96,1.04,1.06,0.98,0.86,0.78,0.79,0.87,0.94,0.93,0.85,0.78,0.76,0.84,0.95,1.04,
1.1,1.15,1.2,1.25,1.25,1.17,1.04,0.94,0.94,1.06,1.24,1.35,1.36,1.27,1.18,1.14,1.13,1.09,
0.98,0.82,0.69,0.69,0.84,1.07,1.27,1.36,1.33,1.2,1.04,0.89,0.8,0.76,0.79,0.86,0.93,0.95,0.9,
0.84,0.83,0.9,1.02,1.08,1.02,0.85,0.67,0.62,0.77,1.05,1.32,1.41,1.31,1.09,0.89,0.81,0.83,
0.89,0.91,0.86,0.81,0.81,0.89,1.03,1.19,1.3,1.35,1.35,1.3,1.23,1.14,1.06,1.01,0.97,0.96,
0.96,0.97,1,1.05,1.11,1.15,1.15,1.08,0.97,0.86,0.79,0.78,0.82,0.89,0.97,1.07,1.18,1.27,1.31,
1.27,1.17,1.04,0.94,0.89,0.9,0.94,0.99,1.05,1.14,1.24,1.31,1.33,1.25,1.12,0.98,0.92,0.93,
1.01,1.09,1.11,1.07,0.99,0.93,0.93,0.99,1.06,1.11,1.12,1.14,1.2,1.34,1.51,1.67,1.73,1.67,
1.54,1.43,1.39,1.47,1.6,1.71,1.72,1.63,1.48,1.34,1.27,1.28,1.33,1.39,1.4,1.37,1.3,1.22,1.14,
1.07,1.01,0.96,0.92,0.89,0.88,0.88,0.89,0.89,0.85,0.76,0.66,0.59,0.57,0.64,0.75,0.86,0.93,
0.94,0.9,0.86,0.82,0.81,0.81,0.82,0.83,0.84,0.85,0.83,0.82,0.83,0.89,0.98,1.07,1.1,1.05,
0.94,0.85,0.85,0.92,1.01,1.04,0.98,0.88,0.82,0.86,0.99,1.12,1.16,1.11,1.02,0.98,1.01,1.09,
1.13,1.08,0.96,0.84,0.79,0.81,0.89,0.97,1.02,1.04,1.05,1.03,0.96,0.86,0.75,0.7,0.73,0.84,
0.95,1.02,1.03,1.02,1.05,1.12,1.21,1.25,1.22,1.14,1.05,1,0.98,0.97,0.98,1.02,1.12,1.26,1.38,
1.42,1.36,1.24,1.16,1.19,1.3,1.41,1.41,1.29,1.11,1,1.02,1.14,1.28,1.32,1.24,1.06,0.87,0.73,
0.67,0.7,0.81,0.99,1.18,1.32,1.34,1.23,1.03,0.87,0.84,0.95,1.12,1.24,1.22,1.06,0.88,0.78,
0.8,0.9,1,1.02,0.95,0.84,0.76,0.76,0.85,0.97,1.07,1.1,1.05,0.93,0.81,0.75,0.8,0.95,1.14,
1.28,1.31,1.21,1.04,0.88,0.78,0.75,0.76,0.78,0.82,0.88,0.96,1.04,1.09,1.09,1.04,0.99,0.99,
1.06,1.16,1.23,1.24,1.21,1.21,1.28,1.4,1.49,1.49,1.35,1.11,0.87,0.74,0.75,0.87,1.02,1.13,
1.16,1.12,1.04,0.96,0.89,0.86,0.88,0.92,0.98,1.04,1.06,1.03,0.97,0.9,0.83,0.8,0.79,0.83,0.9,
0.99,1.08,1.12,1.09,1,0.89,0.79,0.76,0.78,0.82,0.85,0.86,0.85,0.85,0.85,0.84,0.79,0.71,0.65,
0.65,0.72,0.8,0.85,0.81,0.71,0.61,0.6,0.7,0.87,1.03,1.11,1.09,1.02,0.93,0.86,0.78,0.68,0.55,
0.44,0.38,0.4,0.51,0.65,0.77,0.83,0.81,0.72,0.58,0.45,0.38,0.41,0.54,0.7,0.82,0.83,0.75,
0.62,0.54,0.55,0.64,0.74,0.77,0.72,0.61,0.5
)
)
