solar.hs <- list(
year = 1700:1997,
solar =
c(
1367.52,1367.65,1367.9,1368.23,1368.45,1368.7,1368.59,1368.61,1368.63,1368.71,1368.57,
1368.77,1368.99,1369.14,1369.32,1369.43,1369.6,1369.82,1370.05,1370.18,1370.2,1370.29,
1370.27,1370.09,1370.02,1370.16,1370.4,1370.66,1370.54,1370.32,1370.08,1370.13,1369.86,
1369.71,1369.69,1369.75,1369.95,1370,1370.32,1370.1,1370.45,1370.28,1369.96,1369.79,1369.69,
1369.72,1369.83,1370.02,1370.22,1370.43,1370.44,1370.22,1370.29,1370.28,1370.28,1370.44,
1370.56,1370.8,1370.93,1370.94,1371.04,1371.3,1371.33,1371.55,1371.61,1371.55,1371.56,
1371.66,1371.81,1372,1371.95,1371.87,1371.92,1371.59,1371.38,1371.14,1371.03,1371.36,
1371.68,1371.42,1371.17,1370.94,1370.42,1369.88,1369.29,1369.08,1369.29,1369.36,1369.25,
1369.05,1368.82,1368.59,1368.54,1368.41,1368.36,1368.26,1368.16,1368.05,1368,1367.97,
1367.91,1368.03,1368.06,1368.08,1368.17,1368.28,1368.24,1368.1,1368.22,1368.32,1368.42,
1368.55,1368.64,1368.75,1368.83,1369.13,1369.25,1369.38,1369.54,1369.61,1369.77,1370.01,
1370.2,1370.34,1370.46,1370.55,1370.61,1370.77,1370.95,1370.95,1370.99,1370.87,1370.61,
1370.39,1370.35,1370.54,1370.9,1371.1,1370.93,1370.83,1370.67,1370.29,1370.05,1369.69,
1369.5,1369.58,1369.67,1369.92,1369.99,1369.74,1369.53,1369.51,1369.36,1369.28,1369.23,
1369.19,1369.2,1369.38,1369.59,1369.84,1369.89,1369.79,1369.76,1369.78,1369.75,1369.57,
1369.3,1369.08,1369.19,1369.38,1369.87,1369.73,1369.76,1369.55,1369.53,1369.39,1369.43,
1369.49,1369.5,1369.39,1369.59,1369.71,1369.76,1369.34,1369.3,1369.15,1368.86,1368.69,
1368.61,1368.58,1368.53,1368.7,1368.99,1369.11,1369.07,1369.03,1368.99,1368.99,1369.19,
1369.28,1369.4,1369.44,1369.54,1369.72,1369.9,1370.06,1370.06,1370.15,1370.1,1370.15,
1370.03,1370.02,1370.08,1370.14,1370.26,1370.58,1370.71,1371.15,1371.04,1370.98,1370.86,
1370.85,1370.84,1370.87,1371,1371.27,1371.44,1371.48,1371.5,1371.48,1371.32,1371.28,1371.2,
1371.12,1371.15,1371.34,1371.62,1371.86,1371.85,1371.73,1371.62,1371.56,1371.53,1371.49,
1371.49,1371.63,1371.99,1372.42,1372.21,1372.13,1371.71,1371.52,1371.05,1370.7,1370.47,
1370.51,1371.03,1371.26,1371.1,1370.84,1370.55,1370.16,1370.02,1369.96,1369.88,1369.97,
1370.26,1370.69,1370.82,1370.87,1370.91,1370.7,1370.73,1370.5,1370.7,1370.59,1370.57,
1370.65,1371.21,1372.17,1372.23,1372.33,1372.05,1371.88,1371.44,1371.24,1371.23,1371.32,
1371.65,1372.15,1372.12,1372.06,1371.95,1371.61,1371.42,1371.28,1371.14,1371.46
)
)
