solar.lean <- list(
year = 1610:2000,
solar =
c(
1364.734,1364.708,1365.068,1365.161,1365.220,1364.946,1364.547,1364.419,1364.398,1364.472,
1364.457,1364.443,1364.429,1364.415,1364.366,1364.551,1364.439,1364.345,1364.254,1364.119,
1363.921,1363.87,1363.830,1363.92,1363.840,1363.833,1363.793,1363.78,1364.204,1364.244,
1363.824,1363.694,1363.976,1363.734,1363.643,1363.561,1363.559,1363.556,1363.549,1363.540,
1363.536,1363.534,1363.560,1363.538,1363.512,1363.479,1363.473,1363.462,1363.446,1363.438,
1363.45,1363.443,1363.439,1363.439,1363.439,1363.440,1363.440,1363.439,1363.438,1363.438,
1363.437,1363.443,1363.440,1363.437,1363.439,1363.437,1363.447,1363.437,1363.436,1363.435,
1363.44,1363.435,1363.435,1363.435,1363.444,1363.436,1363.440,1363.437,1363.441,1363.443,
1363.445,1363.451,1363.456,1363.458,1363.459,1363.459,1363.458,1363.458,1363.459,1363.460,
1363.465,1363.47,1363.479,1363.506,1363.535,1363.566,1363.568,1363.589,1363.583,1363.590,
1363.620,1363.666,1363.688,1363.706,1363.754,1363.804,1363.847,1363.909,1363.853,1364.018,
1364.007,1364.053,1364.002,1363.989,1364.089,1364.102,1364.287,1364.301,1364.482,1364.225,
1364.514,1364.063,1364.195,1364.127,1364.165,1364.299,1364.501,1364.354,1364.317,1364.541,
1364.257,1364.558,1364.289,1364.234,1364.184,1364.194,1364.216,1364.246,1364.658,1364.691,
1364.655,1364.486,1364.471,1364.501,1364.466,1364.496,1364.551,1364.674,1364.792,1364.860,
1364.844,1365.016,1364.927,1364.895,1364.877,1364.738,1364.714,1364.903,1365.128,1365.296,
1365.322,1365.274,1365.258,1365.089,1365.073,1364.950,1364.991,1365.13,1365.341,1365.388,
1365.218,1365.326,1365.070,1364.948,1364.77,1364.776,1365.035,1365.156,1365.084,1365.061,
1364.972,1364.831,1364.802,1364.745,1364.602,1364.444,1364.372,1364.290,1364.254,1364.26,
1364.308,1364.554,1364.403,1364.232,1364.188,1364.151,1364.023,1363.931,1363.866,1363.807,
1363.798,1363.840,1363.921,1364.004,1364.067,1364.150,1364.239,1364.194,1364.135,1364.127,
1364.082,1364.123,1364.236,1364.289,1364.367,1364.462,1364.575,1364.687,1364.770,1364.795,
1364.85,1364.716,1364.652,1364.607,1364.675,1364.948,1365.338,1365.434,1365.254,1365.183,
1365.070,1364.92,1364.865,1364.806,1364.851,1364.982,1365.080,1365.185,1365.385,1365.391,
1365.198,1365.157,1365.019,1364.882,1364.773,1364.725,1364.761,1364.894,1365.095,1365.309,
1365.365,1365.243,1365.070,1364.942,1364.833,1364.724,1364.657,1364.607,1364.767,1365.007,
1365.247,1365.201,1365.158,1364.953,1364.795,1364.615,1364.55,1364.563,1364.567,1364.617,
1364.773,1364.920,1364.955,1365.000,1364.901,1364.739,1364.512,1364.419,1364.362,1364.340,
1364.398,1364.682,1364.815,1364.988,1365.104,1364.988,1364.787,1364.611,1364.556,1364.486,
1364.458,1364.418,1364.484,1364.744,1365.050,1364.882,1365.078,1364.932,1364.951,1364.802,
1364.657,1364.587,1364.572,1364.624,1364.719,1365.041,1365.261,1365.415,1365.373,1365.137,
1364.984,1364.911,1364.835,1364.901,1364.957,1365.18,1365.300,1365.496,1365.381,1365.352,
1365.359,1365.28,1365.207,1365.106,1365.234,1365.457,1365.852,1365.786,1365.720,1365.710,
1365.680,1365.662,1365.627,1365.527,1365.591,1365.870,1365.972,1366.217,1366.353,1366.263,
1366.022,1365.788,1365.774,1365.620,1365.647,1365.772,1366.314,1366.681,1366.655,1366.413,
1366.300,1365.911,1365.702,1365.645,1365.661,1365.724,1365.951,1366.183,1366.259,1366.357,
1366.348,1366.019,1366.054,1365.761,1365.679,1365.502,1365.644,1365.856,1366.31,1366.677,
1366.691,1366.728,1366.3,1366.2,1365.815,1365.651,1365.647,1365.799,1366.092,1366.657,
1366.562,1366.455,1366.311,1366.038,1365.806,1365.709,1365.621,1365.749,1366.111,1366.394,
1366.674
)
)
