sunspot <- list(
year = 1610:1995,
sunspot =
c(
36,34.1,92.7,109.6,121,80.3,20.1,2.3,1.3,15,15,15,15,15,9.6,42.4,26.6,16.5,23.2,18.7,0,4.4,
0,14.3,3,4.3,0,0,68.6,76.8,15,0,47.4,17.6,11.6,0,0,0,0,0,0,0,4,0.9,0.7,0.5,0.6,0.2,0,0,2,
0.8,0,0,0,0,0,0,0,0,0,0.9,0.4,0,0.2,0,1.8,0.3,0.2,0,0.8,0,0,0,1.4,0,0.6,0.1,0.5,0.2,0,0,0,0,
0,0.1,0,0,0,0,0.4,0.5,0.6,2.7,4.1,5.5,3.2,5.3,2.8,1.6,0.4,0,0,0.3,0.9,3.6,9.1,17.5,9,33.9,
23.4,21.4,11,4.4,15.6,12.8,36.2,36.5,64.2,24,69.7,0,18,0,0,18.3,48.6,24,17,52.5,9.3,57.7,
16.1,8.3,0,0,0,0,61,63.2,58,33.7,29,23.9,8.8,4.7,7.3,24.8,40.7,49.5,45.5,68.5,46.2,34.2,
30.5,8.4,3.7,33.9,71.3,98.5,97.6,79.4,66.2,32.4,25.8,5.6,14.1,38.3,72,80.8,55,71.1,32.9,
21.1,4.8,16,63.3,89.2,82.5,79.7,65.1,43.2,42,41,30.2,15.7,13.7,7.7,4.7,5.6,11,51.1,35.3,
18.5,21.6,25.6,13.3,5,3.5,1.2,0,0.3,4,9.1,10.4,16.8,30.8,28,21.7,19.2,10.7,4.3,3,1.2,5.1,
14.4,28.6,44.4,57,59.2,64.3,39.2,22.7,6.5,9.8,46.3,100.2,109.4,77.4,65.1,48.3,26.6,18.8,8.2,
11.8,29.8,43.8,58,85.8,83.7,55,58.1,49.8,35.6,17.3,4.5,3.1,17.4,44.4,75.6,85.6,70.7,50.5,
40.9,34.5,22.6,13.7,6.2,28.9,62.3,96.2,86.9,80.1,51.7,35,15.5,9.1,8.5,2.7,4.4,24.8,45.2,
47.9,54.7,61.7,47.3,22.6,12.7,7.6,5.8,7.8,38.9,68.3,87.9,88,69.2,39.7,30.6,26,12.3,9.1,2.5,
3.8,24.1,45.3,61,56.2,61.4,53.1,46.4,21.5,8.5,3.6,1.6,12.4,50.5,67.1,110.1,89.2,71.6,43.5,
28.7,15.8,6.9,18.2,51.2,70.8,77.6,82.3,74.4,44.2,26,13.5,5.9,10.4,42.8,88.8,120.6,113.6,
97.3,71.7,49.9,32.8,15.5,10.7,37.3,95.3,144.9,127.5,129.3,76,58.3,29.6,13.6,4.4,38.1,126.1,
165.9,175.1,149.5,103.8,49.1,31.4,24.5,10.2,14.6,43.8,95.8,98.2,96,108.5,73.5,72,39.3,34,
15.1,13.5,30.1,102.7,155.7,141.1,140.9,116.4,71.6,44,16.9,12.1,27.6,89.3,147.7,148.5,146.2,
96.2,53.9,35.7,19
)
)
